00 00 00 00 00 00 00 00
00 00 00 00 00 00 00 00 
00 00 00 00 00 00 00 00
00 00 00 00 00 00 00 00 
00 00 00 00 00 00 00 00
00 00 00 00 00 00 00 00 
00 00 00 00 00 00 00 00
00 00 00 00 00 00 00 00 
00 00 00 00 00 00 00 00
00 00 00 00 00 00 00 00 
00 00 00 00 00 00 00 00
00 00 00 00 00 00 00 00 
00 00 00 00 00 00 00 00
00 00 00 00 00 00 00 00
00 00 00 00 00 00 00 00 
00 00 00 00 00 00 00 00

00 00 00 00 00 00 00 00 
00 00 00 00 00 00 00 00 
20 23 40 00 00 00 00 00
91 22 40 00 00 00 00 00
7d 22 40 00 00 00 00 00
48 00 00 00 00 00 00 00 
df 23 40 00 00 00 00 00         
ff 23 40 00 00 00 00 00
e2 22 40 00 00 00 00 00
b9 22 40 00 00 00 00 00
91 22 40 00 00 00 00 00
c7 20 40 00 00 00 00 00
32 61 32 65 34 61 30 38
00 00 00 00 00 00 00 00 
00 00 00 00 00 00 00 00  

88 00 00 00 00 00 00 00 
88 00 00 00 f1 00 00 00 
00 00 00 00 00 00 00 00 

